83,85c83,85
< LOD   1  3    73    486   482  0 0 0 1 0  | 499 499 97 4  | 499 494 70 3  | 499 490 70 2  | 1 
< LOD   0  3    76    486   481  0 0 0 1 0  | 499 499 97 4  | 499 494 70 3  | 499 490 70 2  | 1 2 
< MUL   0  3    79    486   482  0 0 0 1 0  | 499 499 97 4  | 499 494 70 3  | 499 490 70 2  | 2 
---
>   LOD 1 3       73      486     482     0 0 0 1 0 | 499 499 97 4 | 499 494 70 3 | 499 490 70 2 1 
>   LOD 0 3       76      486     481     0 0 0 1 0 | 499 499 97 4 | 499 494 70 3 | 499 490 70 2 1 2 
>   MUL 0 3       79      486     482     0 0 0 1 0 | 499 499 97 4 | 499 494 70 3 | 499 490 70 2 2 
88,90c88,90
< LOD   1  3    73    490   486  0 0 0 2 0  | 499 499 97 4  | 499 494 70 3  | 2 
< LOD   0  3    76    490   485  0 0 0 2 0  | 499 499 97 4  | 499 494 70 3  | 2 3 
< MUL   0  3    79    490   486  0 0 0 2 0  | 499 499 97 4  | 499 494 70 3  | 6 
---
>   LOD 1 3       73      490     486     0 0 0 2 0 | 499 499 97 4 | 499 494 70 3 2 
>   LOD 0 3       76      490     485     0 0 0 2 0 | 499 499 97 4 | 499 494 70 3 2 3 
>   MUL 0 3       79      490     486     0 0 0 2 0 | 499 499 97 4 | 499 494 70 3 6 
93,95c93,95
< LOD   1  3    73    494   490  0 0 0 6 0  | 499 499 97 4  | 6 
< LOD   0  3    76    494   489  0 0 0 6 0  | 499 499 97 4  | 6 4 
< MUL   0  3    79    494   490  0 0 0 6 0  | 499 499 97 4  | 24 
---
>   LOD 1 3       73      494     490     0 0 0 6 0 | 499 499 97 4 6 
>   LOD 0 3       76      494     489     0 0 0 6 0 | 499 499 97 4 6 4 
>   MUL 0 3       79      494     490     0 0 0 6 0 | 499 499 97 4 24 
98c98
< LOD   0  3    100   499   494  0 0 0 24 0  | 24 
---
>   LOD 0 3       100     499     494     0 0 0 24 0 24 
